Things probed: 

Dummy Clamp Prob Points on Beam
Dummy Clamp Prob Points on Storage
Dummy Clamp Storage Pad
Dummy Clamp Beam Holes and srfs


Time	Tip Location
12:25:07	17796.650;6338.160;1563.914
12:25:07	17796.650;6338.160;1563.914
12:25:07	17796.650;6338.160;1563.914
12:25:07	17796.657;6338.155;1563.914
12:25:07	17796.657;6338.155;1563.914
12:25:07	17796.657;6338.155;1563.914
12:25:09	17796.678;6333.744;1563.913
12:25:09	17796.684;6333.739;1563.913
12:25:09	17796.684;6333.739;1563.913
12:25:11	17796.735;6328.528;1563.911
12:25:11	17796.735;6328.528;1563.911
12:25:11	17796.735;6328.528;1563.911
12:25:11	17796.748;6327.626;1563.907
12:25:11	17796.748;6327.626;1563.907
12:25:11	17796.748;6327.626;1563.907
12:25:12	17796.757;6325.753;1563.904
12:25:14	17796.760;6322.092;1563.904
12:25:14	17796.760;6322.048;1563.905
12:25:14	17796.760;6322.048;1563.905
12:25:14	17796.760;6322.048;1563.905
12:25:14	17796.759;6322.033;1563.907
12:25:14	17796.735;6322.028;1563.908
12:25:14	17796.735;6322.028;1563.908
12:25:16	17796.766;6318.731;1563.903
12:25:16	17796.766;6318.731;1563.903
12:25:16	17796.766;6318.731;1563.903
12:25:18	17796.769;6315.953;1563.898
12:25:18	17796.770;6315.904;1563.894
12:25:20	17796.783;6310.052;1563.891
12:25:21	17796.785;6310.040;1563.890
12:25:23	17796.790;6303.890;1563.889
12:25:23	17796.792;6303.790;1563.889
12:25:24	17796.796;6299.788;1563.891
12:25:25	17796.798;6299.743;1563.891
12:25:28	17796.783;6292.165;1563.890
12:25:28	17796.783;6292.187;1563.889
12:25:28	17796.783;6292.187;1563.889
12:25:28	17796.783;6292.187;1563.889
12:25:28	17796.783;6292.187;1563.889
12:25:28	17796.783;6292.207;1563.889
12:25:29	17796.783;6292.207;1563.889
12:25:30	17796.784;6288.448;1563.889
12:25:31	17796.783;6288.432;1563.889
12:25:33	17796.788;6283.160;1563.891
12:25:33	17796.788;6283.160;1563.891
12:25:33	17796.786;6283.144;1563.891
12:25:35	17796.793;6279.853;1563.904
12:25:36	17796.798;6279.844;1563.902
12:25:36	17796.798;6279.844;1563.902
12:25:36	17796.793;6279.823;1563.889
12:25:39	17810.814;6282.579;1563.862
12:25:40	17810.793;6284.501;1563.876
12:25:41	17810.841;6285.825;1563.872
12:25:42	17810.925;6285.882;1563.864
12:25:42	17810.925;6285.882;1563.864
12:25:42	17810.953;6289.177;1563.861
12:25:42	17810.953;6289.177;1563.861
12:25:42	17810.953;6289.177;1563.861
12:25:42	17810.953;6289.177;1563.861
12:25:42	17810.966;6289.173;1563.859
12:25:43	17810.978;6289.191;1563.857
12:25:44	17810.990;6289.238;1563.858
12:25:44	17811.076;6291.250;1563.854
12:25:44	17811.076;6291.250;1563.854
12:25:45	17811.070;6291.797;1563.846
12:25:45	17811.067;6291.793;1563.845
12:25:50	17811.047;6296.186;1563.817
12:25:50	17811.047;6296.186;1563.817
12:25:50	17811.047;6296.186;1563.817
12:25:50	17811.047;6296.186;1563.817
12:25:50	17811.046;6296.208;1563.817
12:25:51	17811.039;6298.941;1563.816
12:25:51	17811.040;6298.965;1563.816
12:25:52	17811.040;6298.965;1563.816
12:25:52	17811.037;6298.940;1563.815
12:25:54	17811.030;6301.215;1563.816
12:25:56	17811.030;6302.822;1563.814
12:25:58	17811.011;6305.213;1563.817
12:25:59	17810.984;6305.304;1563.817
12:25:59	17810.985;6305.313;1563.818
12:26:11	17810.753;6309.727;1563.859
12:26:11	17810.753;6309.727;1563.859
12:26:11	17810.753;6309.727;1563.859
12:26:12	17810.659;6315.538;1563.857
12:26:12	17810.659;6315.538;1563.857
12:26:14	17810.655;6317.527;1563.856
12:26:16	17810.631;6319.527;1563.858
12:26:16	17810.631;6319.527;1563.858
12:26:29	17810.640;6329.748;1563.869
12:26:32	17810.773;6340.644;1563.879
12:26:32	17810.773;6340.644;1563.879
12:26:35	17810.718;6344.386;1563.888
12:26:42	17796.723;6341.184;1563.882
12:26:42	17796.722;6341.220;1563.881
12:26:44	17796.728;6338.625;1563.876
12:26:44	17796.752;6338.540;1563.874
12:27:02	17778.408;6287.478;1601.127
12:27:04	17778.566;6290.223;1597.101
12:27:09	17778.986;6283.282;1582.923
12:27:09	17778.986;6283.282;1582.923
12:27:16	17778.531;6272.973;1560.021
12:27:16	17778.531;6272.973;1560.021
12:27:24	17779.168;6336.872;1603.199
12:27:25	17779.142;6336.933;1603.188
12:27:25	17779.142;6336.933;1603.188
12:27:27	17779.041;6338.548;1594.176
12:27:27	17779.037;6338.531;1594.199
12:27:27	17779.040;6338.518;1594.223
12:27:35	17779.184;6346.348;1585.680
12:27:35	17779.184;6346.348;1585.680
12:27:36	17779.167;6346.316;1585.685
12:27:36	17779.192;6346.326;1585.682
12:27:36	17779.189;6346.314;1585.684
12:27:39	17779.221;6343.999;1579.694
12:27:39	17779.221;6343.999;1579.694
12:27:39	17779.228;6344.012;1579.682
12:27:39	17779.228;6344.012;1579.682
12:27:39	17779.230;6343.985;1579.672
12:27:39	17779.230;6343.985;1579.672
12:27:40	17779.230;6343.985;1579.672
12:27:42	17779.262;6343.924;1575.448
12:27:42	17779.262;6343.924;1575.448
12:27:42	17779.237;6343.934;1575.491
12:27:51	17779.305;6346.068;1568.530
12:27:51	17779.305;6346.068;1568.530
12:27:51	17779.310;6346.137;1567.989
12:28:01	17779.454;6314.126;1592.494
12:28:05	17779.495;6305.875;1601.729
12:28:06	17779.506;6305.711;1601.070
12:28:08	17779.532;6299.473;1589.230
12:28:08	17779.536;6299.508;1589.266
12:28:08	17779.536;6299.508;1589.266
12:28:08	17779.540;6299.530;1589.303
12:28:08	17779.540;6299.530;1589.303
12:28:08	17779.541;6299.547;1589.320
12:28:13	17779.315;6273.187;1560.942
12:28:23	17779.583;6350.888;1566.016
12:28:24	17779.583;6350.888;1566.016
12:28:24	17779.597;6350.907;1565.995
12:28:24	17779.597;6350.907;1565.995
12:28:24	17779.597;6350.907;1565.995
12:28:24	17779.597;6350.907;1565.995
12:28:24	17779.597;6350.907;1565.995
12:28:24	17779.603;6350.923;1565.979
12:28:24	17779.607;6350.930;1565.976
12:28:24	17779.607;6350.930;1565.976
12:28:24	17779.607;6350.930;1565.976
12:28:27	17779.697;6341.899;1564.426
12:28:31	17779.049;6358.621;1561.320
12:29:52	17769.293;6356.776;1604.324
12:29:52	17769.294;6356.780;1604.311
12:29:52	17769.294;6356.780;1604.311
12:29:52	17769.294;6356.780;1604.311
12:29:52	17769.299;6356.782;1604.291
12:29:53	17769.319;6356.782;1604.268
12:29:53	17769.372;6356.781;1603.685
12:29:53	17769.372;6356.781;1603.685
12:29:53	17769.372;6356.781;1603.685
12:29:53	17769.398;6356.781;1603.666
12:29:53	17769.883;6356.786;1603.506
12:29:53	17769.883;6356.786;1603.506
12:29:55	17770.002;6356.800;1603.193
12:29:56	17770.662;6356.803;1599.184
12:29:56	17770.662;6356.803;1599.184
12:29:56	17770.662;6356.803;1599.184
12:29:56	17770.638;6356.803;1599.163
12:29:56	17770.638;6356.803;1599.163
12:30:00	17769.604;6356.561;1585.580
12:30:01	17769.594;6356.597;1585.581
12:30:01	17769.594;6356.597;1585.581
12:30:01	17769.594;6356.597;1585.581
12:30:06	17771.003;6356.513;1581.814
12:30:06	17771.020;6356.518;1581.812
12:30:07	17771.033;6356.519;1581.812
12:30:07	17771.033;6356.519;1581.812
12:30:07	17771.033;6356.519;1581.812
12:30:07	17771.033;6356.519;1581.812
12:30:07	17771.040;6356.516;1581.815
12:30:08	17771.085;6356.515;1581.764
12:30:08	17771.085;6356.515;1581.764
12:30:08	17771.085;6356.515;1581.764
12:30:08	17771.210;6356.521;1581.745
12:30:08	17771.210;6356.521;1581.745
12:30:08	17771.219;6356.523;1581.728
12:30:10	17771.247;6356.567;1582.583
12:30:10	17771.247;6356.567;1582.583
12:30:10	17771.247;6356.567;1582.583
12:30:10	17771.230;6356.535;1582.617
12:30:10	17771.230;6356.535;1582.617
12:30:11	17771.251;6357.271;1582.453
12:30:17	17767.965;6356.979;1497.642
12:30:17	17767.965;6356.979;1497.642
12:30:17	17767.982;6356.982;1497.634
12:30:19	17769.433;6356.881;1494.916
12:30:19	17769.433;6356.881;1494.916
12:30:19	17769.433;6356.881;1494.916
12:30:19	17769.414;6356.859;1494.948
12:30:26	17769.837;6272.710;1603.847
12:30:26	17769.837;6272.710;1603.847
12:30:26	17769.793;6272.725;1603.807
12:30:26	17769.765;6272.741;1603.789
12:30:31	17769.462;6272.782;1596.766
12:30:32	17769.462;6272.782;1596.766
12:30:34	17769.386;6272.776;1591.721
12:30:34	17769.344;6272.781;1591.722
12:30:34	17769.344;6272.781;1591.722
12:30:34	17769.308;6272.785;1591.688
12:30:35	17769.358;6272.849;1587.376
12:30:38	17771.467;6272.858;1578.062
12:30:39	17771.467;6272.858;1578.062
12:30:46	17770.086;6272.830;1494.292
12:30:46	17770.110;6272.832;1494.242
12:30:46	17770.110;6272.832;1494.242
12:30:47	17770.110;6272.832;1494.242
12:30:47	17770.167;6272.848;1494.196
12:30:47	17770.167;6272.848;1494.196
12:30:47	17770.196;6272.848;1494.167
12:30:52	17770.006;6272.821;1493.766
12:30:56	17768.509;6272.799;1492.973
12:32:12	17795.260;9321.093;641.181
12:32:28	17798.331;9295.894;641.274
12:32:28	17798.331;9295.894;641.274
12:32:29	17797.661;9296.004;641.180
12:32:29	17797.619;9296.035;641.161
12:32:29	17797.619;9296.035;641.161
12:32:30	17797.008;9293.115;641.115
12:32:30	17797.008;9293.115;641.115
12:32:31	17797.023;9293.136;641.117
12:32:31	17797.023;9293.136;641.117
12:32:31	17797.023;9293.136;641.117
12:32:31	17797.023;9293.136;641.117
12:32:31	17796.939;9293.038;641.044
12:32:46	17788.902;9286.920;641.122
12:32:46	17788.863;9286.928;641.103
12:32:46	17788.863;9286.928;641.103
12:32:46	17788.841;9286.940;641.092
12:32:47	17788.824;9286.938;641.086
12:33:11	17856.420;9309.988;641.025
12:33:11	17856.402;9310.009;641.008
12:33:11	17856.402;9310.009;641.008
12:33:15	17866.173;9280.645;640.865
12:33:16	17866.801;9279.654;640.858
12:33:16	17866.801;9279.654;640.858
12:33:16	17866.846;9279.612;640.857
12:33:18	17865.217;9284.338;640.847
12:33:19	17865.217;9284.338;640.847
12:33:52	17857.276;9281.015;609.403
12:34:06	17827.921;9281.194;609.665
12:34:06	17827.908;9281.198;609.649
12:34:07	17827.922;9281.222;609.643
12:34:07	17827.922;9281.222;609.643
12:34:09	17820.227;9281.252;609.622
12:34:09	17820.258;9281.249;609.625
12:34:10	17820.258;9281.249;609.625
12:34:14	17806.958;9281.193;609.772
12:34:22	17799.101;9281.380;609.369
12:34:22	17799.101;9281.380;609.369
12:34:22	17799.101;9281.380;609.369
12:34:22	17799.101;9281.380;609.369
12:34:22	17799.105;9281.354;609.410
12:34:23	17799.100;9281.236;609.556
12:34:23	17799.124;9281.244;609.560
12:34:25	17794.275;9281.224;609.701
12:34:28	17795.182;9281.413;623.638
12:34:28	17795.182;9281.413;623.638
12:34:28	17795.159;9281.340;623.666
12:34:38	17808.312;9280.841;623.804
12:34:38	17808.312;9280.841;623.804
12:34:39	17809.920;9280.846;623.777
12:34:45	17821.965;9280.791;623.788
12:34:45	17821.965;9280.791;623.788
12:34:45	17821.913;9280.787;623.788
12:34:45	17821.913;9280.787;623.788
12:34:46	17821.868;9280.785;623.804
12:34:48	17835.769;9281.200;623.423
12:34:48	17835.769;9281.200;623.423
12:35:17	17849.834;9280.835;623.609
12:35:17	17849.834;9280.835;623.609
12:35:18	17849.879;9280.845;623.670
12:35:18	17849.879;9280.845;623.670
12:35:25	17855.897;9280.643;623.705
12:35:25	17855.918;9280.651;623.704
12:35:26	17855.954;9280.680;623.706
12:35:26	17855.954;9280.680;623.706
12:35:26	17855.945;9280.657;623.715
12:36:07	17784.687;9299.693;649.665
12:36:07	17784.688;9299.648;649.661
12:36:10	17784.743;9308.260;650.621
12:36:12	17784.734;9316.961;651.349
12:36:13	17784.737;9316.969;651.399
12:36:16	17784.759;9324.019;652.202
12:36:16	17784.761;9324.013;652.187
12:36:16	17784.761;9324.013;652.187
12:36:17	17784.759;9323.990;652.171
12:36:17	17784.759;9323.990;652.171
12:36:18	17784.759;9323.990;652.171
12:36:26	17784.631;9219.168;653.337
12:36:27	17784.631;9219.168;653.337
12:36:27	17784.613;9219.041;653.344
12:36:29	17784.452;9213.097;654.052
12:36:29	17784.452;9213.097;654.052
12:36:32	17784.619;9210.279;654.109
12:36:33	17784.573;9210.313;654.047
12:36:33	17784.573;9210.313;654.047
12:36:33	17784.549;9210.348;654.026
12:36:33	17784.519;9210.395;653.993
12:36:37	17867.887;9208.270;650.463
12:36:37	17867.887;9208.270;650.463
12:36:37	17867.895;9208.296;650.514
12:36:38	17867.895;9208.296;650.514
12:36:38	17867.895;9208.296;650.514
12:36:38	17867.886;9208.279;650.541
12:36:38	17867.886;9208.279;650.541
12:36:38	17867.886;9208.279;650.541
12:36:38	17867.886;9208.279;650.541
12:36:41	17867.874;9208.281;650.645
12:36:41	17867.874;9208.281;650.645
12:36:41	17867.864;9208.270;650.650
12:36:42	17867.864;9208.270;650.650
12:36:42	17867.864;9208.270;650.650
12:36:42	17867.873;9208.313;650.650
12:36:42	17867.873;9208.313;650.650
12:36:42	17867.873;9208.313;650.650
12:36:42	17867.873;9208.313;650.650
12:36:47	17867.971;9211.006;650.277
12:36:47	17867.968;9210.976;650.251
12:36:47	17867.968;9210.976;650.251
12:36:47	17867.963;9210.939;650.229
12:36:49	17867.941;9210.000;649.350
12:36:49	17867.942;9210.045;649.385
12:36:53	17867.943;9208.512;652.249
12:36:53	17867.943;9208.503;652.257
12:36:59	17868.234;9299.053;649.131
12:36:59	17868.226;9299.077;649.140
12:36:59	17868.226;9299.077;649.140
12:36:59	17868.226;9299.077;649.140
12:37:02	17868.264;9303.292;649.721
12:37:05	17868.299;9313.267;650.710
12:37:08	17868.289;9321.239;651.889
12:37:12	17868.314;9322.439;653.020
12:37:37	17815.824;9314.215;641.248
12:37:37	17815.774;9314.200;641.259
12:37:37	17815.774;9314.200;641.259
12:37:37	17815.737;9314.201;641.261
12:37:37	17815.710;9314.225;641.268
12:37:37	17815.710;9314.225;641.268
12:37:38	17815.710;9314.225;641.268
12:38:41	17928.460;6263.206;1553.515
12:38:41	17928.449;6263.210;1553.515
12:38:42	17928.419;6263.211;1553.525
12:38:42	17928.418;6263.213;1553.530
12:38:43	17928.416;6263.214;1553.531
12:38:45	17928.615;6263.829;1498.649
12:38:45	17928.597;6263.822;1498.660
12:38:46	17928.578;6263.820;1498.682
12:38:46	17928.578;6263.820;1498.682
12:38:46	17928.584;6263.818;1498.680
12:38:47	17928.584;6263.818;1498.680
12:38:47	17928.593;6263.823;1498.682
12:38:56	17928.002;6367.940;1553.001
12:38:56	17928.002;6367.940;1553.001
12:38:56	17928.002;6367.940;1553.001
12:38:57	17928.033;6367.927;1553.035
12:39:04	17927.748;6367.994;1498.281
12:39:04	17927.731;6367.998;1498.270
12:39:12	17921.072;6372.352;1449.906
12:39:15	17874.663;6372.179;1444.700
12:39:15	17874.713;6372.154;1444.706
12:39:16	17874.678;6372.130;1444.644
12:39:16	17874.678;6372.130;1444.644
12:39:18	17874.031;6371.791;1529.348
12:39:29	17922.797;6372.285;1577.679
12:39:35	17869.975;6371.792;1580.908
12:39:45	17871.846;6371.912;1615.078
12:39:45	17871.846;6371.912;1615.078
12:39:46	17871.846;6371.912;1615.078
12:39:46	17871.820;6371.910;1615.013
12:39:46	17871.754;6371.859;1613.408
12:39:46	17871.754;6371.859;1613.408
12:39:46	17871.739;6371.852;1613.353
12:39:46	17871.739;6371.852;1613.353
12:39:47	17871.730;6371.854;1613.313
12:39:47	17871.730;6371.854;1613.313
12:39:47	17871.728;6371.853;1613.287
12:39:53	17847.787;6336.593;1612.840
12:39:53	17847.787;6336.593;1612.840
12:39:53	17847.787;6336.593;1612.840
12:39:54	17847.808;6336.601;1612.802
12:39:55	17847.820;6275.467;1610.147
12:39:56	17847.760;6275.561;1610.084
12:39:57	17847.760;6275.561;1610.084
12:39:57	17847.743;6275.617;1610.044
12:39:57	17847.743;6275.617;1610.044
12:40:00	17847.493;6279.486;1477.828
12:40:01	17847.481;6279.386;1477.722
12:40:04	17847.685;6351.107;1474.262
12:40:04	17847.685;6351.107;1474.262
12:40:07	17847.042;6355.257;1383.951
12:40:20	17847.729;6276.565;1367.251
12:40:20	17847.729;6276.565;1367.251
12:40:20	17847.729;6276.565;1367.251
12:40:20	17847.727;6276.584;1367.276
12:40:20	17847.727;6276.584;1367.276
12:40:21	17847.727;6276.584;1367.276
12:40:28	17939.439;6259.769;1600.143
12:40:28	17939.439;6259.769;1600.143
12:40:28	17939.439;6259.769;1600.143
12:40:31	17908.572;6259.478;1599.873
12:40:34	17870.681;6259.545;1596.941
12:40:39	17867.550;6259.226;1519.937
12:40:39	17867.561;6259.224;1519.922
12:40:45	17903.480;6259.476;1523.670
12:40:45	17903.493;6259.479;1523.654
12:40:48	17946.239;6259.720;1528.450
12:40:48	17946.239;6259.720;1528.450
12:40:52	17946.744;6259.864;1454.986
12:40:57	17898.397;6259.504;1451.957
12:40:57	17898.397;6259.504;1451.957
12:40:58	17898.384;6259.505;1451.941
12:40:58	17898.373;6259.505;1451.919
12:40:58	17898.373;6259.505;1451.919
12:41:03	17861.131;6259.312;1448.170
12:41:03	17861.131;6259.312;1448.170
12:41:10	17959.583;6277.779;1528.772
12:41:11	17959.583;6277.779;1528.772
12:41:11	17959.563;6277.762;1528.811
12:41:19	17958.748;6358.395;1515.734
12:41:24	17959.421;6311.182;1511.252
12:41:24	17959.421;6311.182;1511.252
12:41:30	17959.399;6320.700;1613.668
12:41:31	17959.399;6320.700;1613.668
12:41:31	17959.413;6320.522;1613.592
12:41:31	17959.413;6320.522;1613.592
12:41:34	17959.793;6277.001;1614.383
12:41:38	17959.024;6355.684;1624.528
12:41:38	17959.024;6355.684;1624.528
12:41:38	17959.043;6355.611;1624.460
12:41:38	17959.043;6355.611;1624.460
12:41:39	17959.062;6355.626;1624.417
12:41:39	17959.062;6355.626;1624.417
12:41:39	17959.062;6355.626;1624.417
12:41:39	17959.068;6355.592;1624.349
12:41:49	17959.311;6315.843;1426.554
12:41:49	17959.311;6315.843;1426.554
12:41:49	17959.302;6315.816;1426.537
12:41:50	17959.302;6315.816;1426.537
12:41:50	17959.302;6315.816;1426.537
12:41:50	17959.302;6315.816;1426.537
12:41:50	17959.298;6315.829;1426.519
12:41:50	17959.298;6315.829;1426.519
12:41:51	17959.298;6315.829;1426.519
12:41:52	17959.666;6272.778;1425.805
12:41:53	17959.641;6272.838;1425.865
12:41:58	17958.916;6356.625;1422.067
12:41:59	17958.916;6356.625;1422.067
12:41:59	17958.916;6356.625;1422.067
12:41:59	17958.923;6356.681;1422.073
12:41:59	17958.923;6356.681;1422.073
12:41:59	17958.923;6356.681;1422.073
12:42:00	17958.923;6356.681;1422.073
12:42:00	17958.923;6356.681;1422.073
12:42:00	17958.927;6356.728;1422.073
12:42:00	17958.927;6356.728;1422.073
12:42:01	17958.927;6356.750;1422.081
12:42:30	17875.959;9216.656;491.623
12:42:30	17875.959;9216.656;491.623
12:42:31	17875.960;9216.667;491.630
12:42:31	17875.960;9216.667;491.630
12:42:31	17875.966;9216.681;491.633
12:42:36	17876.102;9271.546;492.271
12:42:36	17876.102;9271.546;492.271
12:42:36	17876.110;9271.556;492.265
12:42:36	17876.110;9271.556;492.265
12:42:37	17876.119;9271.569;492.258
12:42:37	17876.119;9271.569;492.258
12:42:37	17876.119;9271.569;492.258
12:42:37	17876.119;9271.569;492.258
12:42:38	17876.128;9271.589;492.253
12:42:38	17876.128;9271.589;492.253
12:42:38	17876.128;9271.589;492.253
12:42:38	17876.128;9271.589;492.253
12:42:39	17876.128;9271.589;492.253
12:42:39	17876.135;9271.608;492.251
12:42:39	17876.135;9271.608;492.251
12:42:39	17876.135;9271.608;492.251
12:42:39	17876.135;9271.608;492.251
12:42:40	17876.139;9271.598;492.245
12:42:40	17876.139;9271.598;492.245
12:42:40	17876.144;9271.618;492.243
12:42:52	17775.203;9216.523;491.786
12:42:53	17775.203;9216.523;491.786
12:42:53	17775.203;9216.523;491.786
12:42:53	17775.200;9216.533;491.792
12:42:53	17775.200;9216.533;491.792
12:42:53	17775.200;9216.533;491.792
12:42:54	17775.200;9216.533;491.792
12:42:54	17775.202;9216.539;491.798
12:42:54	17775.204;9216.567;491.807
12:42:58	17775.097;9271.469;492.023
12:42:59	17775.102;9271.461;492.009
12:43:07	17769.426;9242.332;496.530
12:43:10	17769.452;9246.807;527.533
12:43:15	17769.370;9245.489;457.145
12:43:15	17769.370;9245.489;457.145
12:43:15	17769.370;9245.489;457.145
12:43:24	17769.439;9218.820;453.223
12:43:25	17769.439;9218.820;453.223
12:43:25	17769.448;9218.830;453.202
12:43:25	17769.465;9218.784;453.241
12:43:31	17769.410;9268.469;457.547
12:43:31	17769.410;9268.469;457.547
12:43:31	17769.410;9268.469;457.547
12:43:32	17769.406;9268.495;457.558
12:43:54	17769.388;9274.044;536.480
12:43:54	17769.388;9274.044;536.480
12:43:55	17769.383;9274.065;536.490
12:44:04	17769.380;9217.763;534.410
12:44:08	17769.457;9248.551;534.372
12:44:08	17769.471;9248.600;534.382
12:44:09	17769.481;9248.661;534.394
12:44:09	17769.481;9248.661;534.394
12:44:16	17881.409;9216.305;532.446
12:44:16	17881.409;9216.305;532.446
12:44:16	17881.409;9216.305;532.446
12:44:16	17881.415;9216.361;532.479
12:44:18	17881.602;9241.220;533.175
12:44:18	17881.584;9241.268;533.186
12:44:18	17881.584;9241.268;533.186
12:44:19	17881.565;9241.301;533.189
12:44:19	17881.565;9241.301;533.189
12:44:26	17881.227;9265.561;534.403
12:44:31	17881.455;9228.119;495.016
12:44:31	17881.455;9228.119;495.016
12:44:40	17881.186;9246.455;493.132
12:44:40	17881.186;9246.455;493.132
12:44:43	17881.490;9257.773;492.110
12:44:49	17881.525;9219.105;453.865
12:44:50	17881.525;9219.105;453.865
12:44:50	17881.528;9219.097;453.805
12:44:50	17881.533;9219.103;453.750
12:44:50	17881.533;9219.103;453.750
12:44:51	17881.533;9219.103;453.750
12:44:54	17881.555;9244.166;455.784
12:45:01	17881.468;9274.836;452.166
12:45:02	17881.473;9274.808;452.158
12:45:02	17881.473;9274.808;452.158
12:45:02	17881.470;9274.773;452.148
12:45:02	17881.470;9274.773;452.148